kinematics:
  shoulder:
    x: 0
    y: 0
    z: 0.180915676214146
    roll: -0
    pitch: 0
    yaw: -5.908067881332281e-07
  upper_arm:
    x: -0.0001165477761455351
    y: 0
    z: 0
    roll: 1.571618147392995
    pitch: 0
    yaw: -8.692081469597201e-06
  forearm:
    x: -0.6118162555594727
    y: 0
    z: 0
    roll: 3.13608551061523
    pitch: -3.140485009665982
    yaw: 3.141590559473619
  wrist_1:
    x: -0.5714984840890653
    y: 4.19100185768517e-05
    z: 0.1734207942280107
    roll: 3.141350986966436
    pitch: -3.140166932281963
    yaw: 3.141588703280251
  wrist_2:
    x: 3.049186026058469e-05
    y: -0.1199505458747265
    z: 4.382993256633904e-05
    roll: 1.570430926785284
    pitch: 0
    yaw: 9.254297713839897e-07
  wrist_3:
    x: -3.097433416240218e-06
    y: 0.1157149173575875
    z: 0.0001249167116455941
    roll: 1.571875847620505
    pitch: 3.141592653589793
    yaw: -3.141592590112388
  hash: calib_9390281586695248027